%YAML:1.0

#--------------------------------------------------------------------------------------------
# Camera Parameters. Adjust them!
#--------------------------------------------------------------------------------------------
Camera.type: "PinHole"

# height: 720
# width: 1280
# distortion_model: "plumb_bob"
# For "plumb_bob", the 5 parameters are: (k1, k2, t1, t2, k3).
# D: [-0.05374518036842346, 0.06559856235980988, 0.00040569063276052475, -0.0002925452427007258, -0.020431628450751305]
# K: [633.0599365234375, 0.0, 629.5851440429688, 0.0, 631.4725341796875, 360.92498779296875, 0.0, 0.0, 1.0]
# R: [1.0, 0.0, 0.0, 0.0, 1.0, 0.0, 0.0, 0.0, 1.0]
# P: [633.0599365234375, 0.0, 629.5851440429688, 0.0, 0.0, 631.4725341796875, 360.92498779296875, 0.0, 0.0, 0.0, 1.0, 0.0]

Camera.fx: 314.900115966797
Camera.fy: 314.110504150391
Camera.cx: 314.792572021484
Camera.cy: 180.462493896484

# k1, k2, k3, p1, p2.
Camera.k1: -0.05374518036842346
Camera.k2: 0.06559856235980988
Camera.p1: 0.00040569063276052475
Camera.p2: -0.0002925452427007258
Camera.k3: -0.020431628450751305

Camera.width: 640
Camera.height: 360

# Camera frames per second 
Camera.fps: 30

# Color order of the images (0: BGR, 1: RGB. It is ignored if images are grayscale)
Camera.RGB: 1

# Camera extrinsics
Tbc_odom: !!opencv-matrix
  cols: 4
  rows: 4
  dt: f
  data: [0.0799539, -0.1258453,  0.9888227, 0.13395907,
        -0.9967013, -0.0239525,  0.0775426, -0.01603629,
        0.0139264, -0.9917607, -0.1273453, 1.13743959,
        0.0, 0.0, 0.0, 1.0]

# Odometry noise (in a moment) (unit: mm, rad)
Odo_x_steady_noise: 1.0
Odo_y_steady_noise: 1.0
Odo_theta_steady_noise: 0.005

#--------------------------------------------------------------------------------------------
# ORB Parameters
#--------------------------------------------------------------------------------------------

# ORB Extractor: Number of features per image
ORBextractor.nFeatures: 2000

# ORB Extractor: Scale factor between levels in the scale pyramid 	
ORBextractor.scaleFactor: 1.2

# ORB Extractor: Number of levels in the scale pyramid	
ORBextractor.nLevels: 8

# ORB Extractor: Fast threshold
# Image is divided in a grid. At each cell FAST are extracted imposing a minimum response.
# Firstly we impose iniThFAST. If no corners are detected we impose a lower value minThFAST
# You can lower these values if your images have low contrast			
ORBextractor.iniThFAST: 20
ORBextractor.minThFAST: 7

#--------------------------------------------------------------------------------------------
# Viewer Parameters
#--------------------------------------------------------------------------------------------
Viewer.KeyFrameSize: 0.05
Viewer.KeyFrameLineWidth: 1
Viewer.GraphLineWidth: 0.9
Viewer.PointSize: 2
Viewer.CameraSize: 0.08
Viewer.CameraLineWidth: 3
Viewer.ViewpointX: 0
Viewer.ViewpointY: -0.7
Viewer.ViewpointZ: -3.5 # -1.8
Viewer.ViewpointF: 500

